$ 1 0.000005 2.922428378123494 54 5 43 5e-11
v 96 128 96 208 0 1 50 380 0 0 0.5
d 240 176 320 176 2 default
d 240 256 320 256 2 default
d 240 256 240 176 2 default
d 320 256 320 176 2 default
r 144 176 224 176 0 470000
c 144 128 224 128 0 1.0000000000000001e-7 -102.51686867018503 0.001
w 144 128 96 128 0
w 144 176 144 128 0
r 160 304 224 304 0 50
w 96 304 160 304 0
w 224 304 320 304 0
w 320 304 320 256 0
w 224 128 224 176 0
w 224 176 240 176 0
w 240 256 240 336 0
w 320 176 368 176 0
209 400 208 400 272 0 0.000009999999999999999 0.013003075573990941 0.001 1
w 400 176 400 208 0
w 400 336 400 272 0
r 480 192 480 272 0 1000
34 zener-4.7 1 1.7143528192810002e-7 0 1.7424638590359576 4.7 10
z 448 320 448 256 2 zener-4.7
w 400 176 448 176 0
w 480 176 480 192 0
w 480 272 480 336 0
w 448 336 400 336 0
w 368 336 240 336 0
w 368 176 400 176 0
w 368 336 400 336 0
p 528 176 528 336 3 0 0
w 528 176 480 176 0
w 528 336 480 336 0
w 448 176 480 176 0
w 448 336 480 336 0
s 96 208 96 304 0 1 false
w 448 256 448 176 0
w 448 320 448 336 0
o 20 128 0 4099 5 0.0125 0 4 20 3 21 0 21 3
o 0 128 0 4099 640 0.05 0 2 0 3
